offset:
  x: -0.25652250000000043
  y: 0.07696333333333352
  z: -1.3359208333333288
