averages:
  x: -22.041080530071373
  y: 9.198174311926598
  z: 10.018511722731903
scaling:
  x: 1.0634569695990739
  y: 0.9795029631282699
  z: 0.9627006394263138
variation: 0.10349802464326374
